[Network]
Init=2, 6, 6, 1
LearningRate=0.1
Epoch=4664

[Neurons]
(0)(0)=0.014
(0)(1)=0.014
(1)(0)=0.504739898541789
(1)(1)=0.493830778940188
(1)(2)=0.497053183246985
(1)(3)=0.49647009240688
(1)(4)=0.50118803153211
(1)(5)=0.495915086727213
(2)(0)=0.760483179544902
(2)(1)=0.525740038158179
(2)(2)=0.60458510559529
(2)(3)=0.596244383176025
(2)(4)=0.652628030479872
(2)(5)=0.812440786543407
(3)(0)=0.15439274317802

[Activators]
(0)(0)=SIGMOID
(0)(1)=SIGMOID
(1)(0)=SIGMOID
(1)(1)=SIGMOID
(1)(2)=SIGMOID
(1)(3)=SIGMOID
(1)(4)=SIGMOID
(1)(5)=SIGMOID
(2)(0)=SIGMOID
(2)(1)=SIGMOID
(2)(2)=SIGMOID
(2)(3)=SIGMOID
(2)(4)=SIGMOID
(2)(5)=SIGMOID
(3)(0)=SIGMOID

[Errors]
(0)(0)=0
(0)(1)=0
(1)(0)=-0.038919505011267
(1)(1)=0.0969650263747922
(1)(2)=0.0574956949155663
(1)(3)=0.048463543758684
(1)(4)=0.0437940556306413
(1)(5)=0.0598952303650687
(2)(0)=0.0330585198759644
(2)(1)=0.0189514639990445
(2)(2)=0.00684403421077583
(2)(3)=0.0337638062854017
(2)(4)=-0.019032109625656
(2)(5)=0.0602463577990276
(3)(0)=-0.0563927431780196

[Weights]
(0)(0,0)=0.236118497370584
(0)(0,1)=-0.786166977496072
(0)(0,2)=-0.161263236710493
(0)(0,3)=-0.605000990656323
(0)(0,4)=0.444773323902364
(0)(0,5)=-0.973332037364665
(0)(1,0)=1.11815155729847
(0)(1,1)=-0.976489200165236
(0)(1,2)=-0.680653909949544
(0)(1,3)=-0.403526869288327
(0)(1,4)=-0.105304448846681
(0)(1,5)=-0.193770084598241
(1)(0,0)=0.00365115289258777
(1)(0,1)=0.0388047404059932
(1)(0,2)=0.279155325709121
(1)(0,3)=-0.136346060663492
(1)(0,4)=0.750334366274104
(1)(0,5)=-0.377468595927743
(1)(1,0)=0.89279532448038
(1)(1,1)=0.365602705294677
(1)(1,2)=0.0537678070199327
(1)(1,3)=0.449974205462657
(1)(1,4)=0.340676597068291
(1)(1,5)=0.85489845469924
(1)(2,0)=0.712093576078995
(1)(2,1)=-0.27959538021064
(1)(2,2)=0.324249355937138
(1)(2,3)=0.167099212443113
(1)(2,4)=0.139750810911187
(1)(2,5)=0.566216253411871
(1)(3,0)=0.126898950868757
(1)(3,1)=-0.015235817752591
(1)(3,2)=-0.112333208782208
(1)(3,3)=-0.230320418148017
(1)(3,4)=0.57433819556729
(1)(3,5)=1.06385539727217
(1)(4,0)=0.66246789641676
(1)(4,1)=0.155678051394803
(1)(4,2)=0.381876272214728
(1)(4,3)=0.155449230605032
(1)(4,4)=-0.0135762725639902
(1)(4,5)=0.180651913729652
(1)(5,0)=-0.0715373470841991
(1)(5,1)=-0.0561855313355152
(1)(5,2)=-0.0794357830588565
(1)(5,3)=0.385227764347244
(1)(5,4)=-0.533947759318745
(1)(5,5)=0.676550097186088
(2)(0,0)=-0.586779293914773
(2)(1,0)=-0.336449175661347
(2)(2,0)=-0.121808858939736
(2)(3,0)=-0.599165062291408
(2)(4,0)=0.337011686158885
(2)(5,0)=-1.06893344344755
